150 17 110
19 46 53
17 9 53
19 8 8
19 16 19
19 7 44
17 60 61
19 8 16
17 8 57
19 51 57
17 2 2
18 34 48
18 4 44
17 5 45
19 22 24
19 6 27
19 14 58
17 2 62
17 2 3
18 23 48
18 34 36
18 1 6
17 19 25
17 23 36
19 24 40
17 18 25
18 10 30
19 31 59
18 43 48
18 4 18
18 34 59
18 3 4
18 17 25
18 1 56
18 13 27
19 4 16
17 26 30
19 5 6
19 9 40
18 3 20
18 23 49
17 23 53
19 4 15
17 31 31
18 8 32
19 22 31
17 3 34
17 9 15
17 2 19
18 22 27
19 19 27
17 33 42
17 22 41
19 19 42
19 2 17
19 4 33
17 24 60
18 8 17
19 17 32
17 12 50
17 33 58
17 10 61
19 43 45
17 10 10
17 25 46
19 36 48
18 39 47
18 7 11
17 9 23
17 56 65
19 25 27
18 16 44
18 10 12
19 10 27
17 1 3
18 11 26
19 13 16
17 3 58
17 32 52
18 14 21
17 40 60
17 10 45
19 8 54
18 8 59
17 49 64
18 13 30
17 11 19
19 21 33
17 1 7
17 24 39
18 5 48
17 10 12
19 15 20
18 18 37
18 10 52
18 32 46
19 7 40
18 24 55
17 43 45
19 18 53
17 11 57
19 35 42
18 13 17
17 3 51
19 9 53
18 7 19
18 27 44
19 48 51
18 1 3
17 10 11
19 5 12
17 2 3
19 10 20
19 25 53
19 3 19
19 27 58
19 23 44
17 30 44
17 12 19
17 7 37
17 9 55
19 30 31
17 11 58
18 1 4
18 23 25
17 22 22
18 4 5
18 29 61
19 27 29
19 5 22
19 9 48
17 31 56
17 26 52
19 26 31
17 23 36
19 11 35
18 41 48
18 7 24
18 22 24
17 8 32
19 28 63
17 20 28
18 28 64
17 19 51
18 9 39
18 34 37
18 19 21
17 16 61
19 7 17
17 54 57
18 6 9
