300 6 42
6 53 109
8 75 98
8 44 67
7 6 27
9 88 145
9 122 154
6 4 43
7 17 159
10 8 43
10 94 198
10 60 157
6 170 197
10 159 228
8 41 116
7 1 2
6 19 68
8 231 245
8 9 33
8 3 39
6 92 119
7 72 114
7 4 6
7 134 141
6 5 182
6 71 169
7 4 60
10 12 61
6 9 141
8 13 30
7 31 242
8 31 102
10 92 205
8 93 162
7 127 206
10 26 147
6 37 52
9 109 146
10 32 211
6 8 120
7 14 15
10 54 78
10 88 183
7 60 87
6 10 10
7 52 89
6 54 78
9 51 113
9 14 18
10 70 189
9 156 195
9 44 113
8 118 183
7 23 101
10 117 162
6 4 17
8 156 209
7 95 201
8 128 207
6 109 204
9 89 92
10 3 3
9 184 201
8 20 181
9 20 68
8 163 165
8 4 117
10 28 53
6 204 219
9 3 8
7 33 197
7 57 63
10 8 117
7 192 245
6 29 65
9 95 232
6 46 195
8 187 245
8 52 196
10 1 3
7 86 140
8 99 215
10 86 200
10 115 190
9 96 177
10 38 58
8 34 66
6 6 48
7 152 246
8 157 203
8 51 105
9 129 144
10 2 5
9 132 153
8 71 107
8 45 174
7 44 202
10 169 181
9 80 121
7 165 190
7 9 28
9 126 231
7 19 48
7 99 157
7 193 246
8 53 247
9 3 134
10 46 155
6 102 128
6 23 61
7 84 182
10 5 189
7 25 58
7 101 163
9 194 214
8 17 48
10 38 242
6 11 55
9 9 94
10 93 119
8 155 248
10 6 217
10 27 131
7 11 49
6 86 198
7 102 166
7 18 20
7 74 163
10 49 185
8 15 225
6 11 18
6 37 77
9 2 3
9 123 175
9 67 176
8 78 147
8 127 135
6 7 26
6 9 50
8 35 163
8 31 38
9 91 126
9 31 99
10 7 106
8 22 91
7 13 200
10 147 157
8 81 235
6 5 9
9 55 107
7 101 106
9 94 176
6 75 96
9 47 120
8 70 241
9 28 89
7 131 154
7 1 119
9 151 162
10 8 22
6 82 206
9 25 28
8 13 44
8 16 174
9 9 58
6 77 246
10 104 214
9 67 250
6 211 229
7 8 111
6 5 64
10 152 225
10 12 46
7 13 232
8 136 227
8 151 155
6 28 76
10 90 94
9 16 21
10 125 169
6 17 40
9 65 123
6 39 182
10 163 204
8 87 164
9 90 101
7 203 245
7 81 141
6 34 82
10 61 192
6 104 160
8 7 43
7 52 247
7 36 215
7 32 156
7 2 21
6 86 146
6 8 44
9 52 86
9 21 51
9 88 137
7 1 237
6 9 9
9 23 24
10 94 239
7 10 18
7 60 68
6 33 247
7 22 67
10 131 207
6 54 117
9 20 216
9 20 58
10 34 100
7 15 132
6 40 43
8 68 111
8 77 170
9 15 27
7 76 139
6 14 39
7 79 164
9 24 149
6 92 93
10 175 196
6 81 178
7 113 194
8 34 125
6 11 12
9 61 105
9 191 209
10 118 190
7 35 47
8 44 128
10 127 177
8 87 204
9 110 141
7 41 49
8 55 63
7 48 111
8 172 246
6 99 101
9 183 186
7 20 88
10 5 11
7 124 230
10 230 241
9 59 73
6 3 4
10 222 238
8 26 137
9 51 78
10 111 137
7 19 35
9 37 77
6 131 214
6 129 139
6 15 25
8 128 195
9 126 145
8 136 174
6 82 109
7 61 194
8 18 119
6 8 14
6 230 246
9 144 200
7 2 155
10 32 196
9 32 55
8 154 160
8 178 228
10 12 123
7 114 171
9 83 102
7 31 138
6 13 27
8 34 249
7 1 17
10 80 169
10 105 178
10 7 8
7 106 127
8 67 150
10 24 73
10 8 12
7 107 204
8 162 198
9 98 112
10 3 17
7 52 194
10 18 122
6 29 118
7 158 208
6 67 208
6 15 29
10 97 158
8 19 220
9 14 98
7 84 90
10 64 117
